pktriot.exe start
22.737527281995384, 120.27781772330773
22.73566610616764, 120.28502483396485
22.737527281995384, 120.28595037870188
22.736323817813403, 120.29022912650255
22.732503448540612, 120.2904718923352
22.732083621232395, 120.28155024798491
22.72984452048858, 120.2780908348695
22.733455052334214, 120.27528385492936
22.733650969940282, 120.27645216549904

22.73608592247696, 120.27847015648305
22.734532595693942, 120.28523725406846
22.73306321627999, 120.28728559078152
22.73296525709101, 120.2876042209369

119 187 221
255 136 153
119 221 119
255 221 136
119 119 170